2025-07-01T17:05:40.252962, 5, 320, 1.53 1.19 1.21 2/2062 34191
2025-07-01T17:05:40.258246, 5, 320, 1.53 1.19 1.21 4/2062 34192
2025-07-01T17:05:40.272448, 5, 320, 1.53 1.19 1.21 2/2062 34197
2025-07-01T17:05:40.282530, 5, 320, 1.53 1.19 1.21 2/2062 34201
2025-07-01T17:54:36.652615, 5, 319, 0.40 1.11 1.44 4/2181 38931
2025-07-01T17:54:36.656385, 5, 319, 0.40 1.11 1.44 2/2182 38933
2025-07-01T17:54:36.669801, 5, 319, 0.40 1.11 1.44 2/2182 38938
2025-07-01T17:54:36.680809, 5, 319, 0.40 1.11 1.44 6/2182 38942
2025-07-01T18:15:02.332997, 5, 320, 1.13 1.77 1.69 2/1886 40523
2025-07-01T18:15:02.362628, 5, 320, 1.13 1.77 1.69 8/1886 40524
2025-07-01T18:15:02.377177, 5, 320, 1.13 1.77 1.69 5/1886 40529
2025-07-01T18:15:02.388846, 5, 320, 1.13 1.77 1.69 5/1886 40533
2025-07-01T18:38:03.718665, 5, 320, 0.80 1.35 1.56 4/1853 42672
2025-07-01T18:38:03.722863, 5, 320, 0.80 1.35 1.56 4/1853 42673
2025-07-01T18:38:03.734479, 5, 320, 0.80 1.35 1.56 7/1853 42678
2025-07-01T18:38:03.745053, 5, 320, 0.80 1.35 1.56 3/1853 42682
2025-07-01T18:43:23.055271, 5, 319, 1.45 1.66 1.64 8/1710 43347
2025-07-01T18:43:23.092034, 5, 319, 1.45 1.66 1.64 6/1710 43348
2025-07-01T18:43:23.137378, 5, 319, 1.45 1.66 1.64 4/1710 43353
2025-07-01T18:43:23.181865, 5, 319, 1.45 1.66 1.64 4/1711 43358
2025-07-01T18:45:27.931105, 5, 320, 1.02 1.45 1.57 1/1745 43758
2025-07-01T18:45:27.935271, 5, 320, 1.02 1.45 1.57 1/1745 43759
2025-07-01T18:45:27.946662, 5, 320, 1.02 1.45 1.57 7/1745 43764
2025-07-01T18:45:27.957312, 5, 320, 1.02 1.45 1.57 1/1745 43768
2025-07-01T18:47:27.048508, 5, 320, 1.28 1.51 1.58 2/1731 44010
2025-07-01T18:47:27.053134, 5, 320, 1.28 1.51 1.58 7/1732 44012
2025-07-01T18:47:27.065933, 5, 320, 1.28 1.51 1.58 2/1732 44017
2025-07-01T18:47:27.077233, 5, 320, 1.28 1.51 1.58 4/1732 44021
2025-07-01T18:47:53.781328, 5, 320, 1.16 1.45 1.56 11/1729 44048
2025-07-01T18:47:53.785740, 5, 320, 1.16 1.45 1.56 7/1730 44050
2025-07-01T18:47:53.798584, 5, 320, 1.16 1.45 1.56 2/1730 44055
2025-07-01T18:47:53.810323, 5, 320, 1.16 1.45 1.56 5/1730 44059
2025-07-01T18:48:36.809632, 5, 319, 1.00 1.36 1.52 2/1741 44118
2025-07-01T18:48:36.813281, 5, 319, 1.00 1.36 1.52 5/1742 44120
2025-07-01T18:48:36.825722, 5, 319, 1.00 1.36 1.52 4/1742 44125
2025-07-01T18:48:36.835335, 5, 319, 1.00 1.36 1.52 4/1742 44129
2025-07-01T18:49:45.083543, 5, 320, 1.76 1.52 1.57 2/1744 44251
2025-07-01T18:49:45.088886, 5, 320, 1.76 1.52 1.57 6/1745 44253
2025-07-01T18:49:45.109357, 5, 320, 1.76 1.52 1.57 8/1745 44258
2025-07-01T18:49:45.124974, 5, 320, 1.76 1.52 1.57 6/1745 44262
2025-07-01T18:49:59.107724, 5, 319, 1.49 1.47 1.55 2/1728 44273
2025-07-01T18:49:59.112003, 5, 319, 1.49 1.47 1.55 1/1728 44274

2025-07-01T18:54:36.801244, 5, 320, 1.36 1.46 1.53 7/1732 44671
2025-07-01T18:54:36.806188, 5, 320, 1.36 1.46 1.53 3/1733 44673
2025-07-01T18:54:36.818485, 5, 320, 1.36 1.46 1.53 8/1733 44678
2025-07-01T18:54:36.829320, 5, 320, 1.36 1.46 1.53 8/1733 44682
2025-07-01T18:55:33.197954, 5, 320, 0.77 1.29 1.47 4/1715 44738
2025-07-01T18:55:33.202191, 5, 320, 0.77 1.29 1.47 6/1716 44740
2025-07-01T18:55:33.215160, 5, 320, 0.77 1.29 1.47 1/1716 44745
2025-07-01T18:55:33.227639, 5, 320, 0.77 1.29 1.47 4/1716 44749
2025-07-01T18:56:05.644374, 5, 320, 1.43 1.42 1.51 3/1716 44770
2025-07-01T18:56:05.650385, 5, 320, 1.43 1.42 1.51 4/1717 44772
2025-07-01T18:56:05.662539, 5, 320, 1.43 1.42 1.51 4/1717 44777
2025-07-01T18:56:05.672622, 5, 320, 1.43 1.42 1.51 8/1717 44781
2025-07-01T18:56:23.622191, 5, 320, 1.18 1.37 1.49 2/1713 44797
2025-07-01T18:56:23.626404, 5, 320, 1.18 1.37 1.49 1/1713 44798
2025-07-01T18:56:23.637807, 5, 320, 1.18 1.37 1.49 3/1713 44803
2025-07-01T18:56:23.649256, 5, 320, 1.18 1.37 1.49 4/1713 44807
2025-07-01T18:59:01.491505, 5, 320, 0.62 0.98 1.31 1/1719 45047
2025-07-01T18:59:01.495724, 5, 320, 0.62 0.98 1.31 2/1720 45049
2025-07-01T18:59:01.507397, 5, 320, 0.62 0.98 1.31 4/1720 45054
2025-07-01T18:59:01.517309, 5, 320, 0.62 0.98 1.31 6/1720 45058
2025-07-01T19:01:25.200335, 5, 320, 2.80 1.61 1.49 1/1711 45222
2025-07-01T19:01:25.204320, 5, 320, 2.80 1.61 1.49 2/1711 45223
2025-07-01T19:01:25.217578, 5, 320, 2.80 1.61 1.49 4/1711 45228
2025-07-01T19:01:25.228001, 5, 320, 2.80 1.61 1.49 2/1711 45232
2025-07-01T19:02:45.711646, 5, 324, 1.73 1.51 1.46 4/1737 45452
2025-07-01T19:02:45.715550, 5, 324, 1.73 1.51 1.46 4/1738 45454
2025-07-01T19:02:45.726984, 5, 324, 1.73 1.51 1.46 3/1738 45459
2025-07-01T19:02:45.738099, 5, 324, 1.73 1.51 1.46 5/1738 45463
2025-07-01T19:04:57.773479, 5, 320, 1.19 1.47 1.46 6/1711 45827
2025-07-01T19:04:57.777738, 5, 320, 1.19 1.47 1.46 4/1711 45828
2025-07-01T19:04:57.791613, 5, 320, 1.19 1.47 1.46 5/1711 45833
2025-07-01T19:04:57.801038, 5, 320, 1.19 1.47 1.46 4/1711 45837
2025-07-01T19:06:58.777632, 5, 319, 1.08 1.40 1.44 7/1732 46134
2025-07-01T19:06:58.782478, 5, 319, 1.08 1.40 1.44 3/1733 46136
2025-07-01T19:06:58.802142, 5, 319, 1.08 1.40 1.44 2/1733 46141
2025-07-01T19:06:58.813354, 5, 319, 1.08 1.40 1.44 3/1733 46145
2025-07-01T19:08:21.495092, 5, 320, 0.95 1.34 1.42 3/1722 46369
2025-07-01T19:08:21.499555, 5, 320, 0.95 1.34 1.42 3/1723 46371
2025-07-01T19:08:21.510938, 5, 320, 0.95 1.34 1.42 4/1723 46376
2025-07-01T19:08:21.522924, 5, 320, 0.95 1.34 1.42 3/1723 46380
2025-07-01T19:08:52.909778, 5, 320, 0.57 1.21 1.37 3/1741 46424
2025-07-01T19:08:52.914773, 5, 320, 0.57 1.21 1.37 2/1742 46426
2025-07-01T19:08:52.926922, 5, 320, 0.57 1.21 1.37 2/1742 46431
2025-07-01T19:08:52.937152, 5, 320, 0.57 1.21 1.37 2/1742 46435
2025-07-01T19:09:41.860882, 5, 324, 0.65 1.12 1.33 2/1744 46536
2025-07-01T19:09:41.864588, 5, 324, 0.65 1.12 1.33 2/1745 46538
2025-07-01T19:09:41.877599, 5, 324, 0.65 1.12 1.33 3/1745 46543
2025-07-01T19:09:41.887215, 5, 324, 0.65 1.12 1.33 4/1745 46547
2025-07-02T09:19:36.127505, 5, 319, 2.23 1.67 1.26 5/1781 78076
2025-07-02T09:19:36.132892, 5, 319, 2.23 1.67 1.26 2/1781 78077
2025-07-02T09:19:36.145898, 5, 319, 2.23 1.67 1.26 6/1781 78082
2025-07-02T09:19:36.158428, 5, 319, 2.23 1.67 1.26 3/1781 78086
2025-07-02T09:22:04.016899, 5, 320, 3.32 2.25 1.52 9/1931 79892
2025-07-02T09:22:04.023518, 5, 320, 3.32 2.25 1.52 5/1931 79893
2025-07-02T09:22:04.037319, 5, 320, 3.32 2.25 1.52 5/1931 79898
2025-07-02T09:22:04.048489, 5, 320, 3.32 2.25 1.52 9/1932 79903
2025-07-02T09:25:06.017500, 5, 320, 1.15 1.67 1.42 1/1976 80155
2025-07-02T09:25:06.021395, 5, 320, 1.15 1.67 1.42 1/1977 80157
2025-07-02T09:25:06.033352, 5, 320, 1.15 1.67 1.42 5/1977 80162
2025-07-02T09:25:06.043918, 5, 320, 1.15 1.67 1.42 4/1977 80166
2025-07-02T09:28:11.432824, 5, 319, 0.79 1.47 1.41 1/1940 80295
2025-07-02T09:28:11.437235, 5, 319, 0.79 1.47 1.41 2/1941 80297
2025-07-02T09:28:11.448550, 5, 319, 0.79 1.47 1.41 3/1941 80302
2025-07-02T09:28:11.461310, 5, 319, 0.79 1.47 1.41 3/1941 80306
2025-07-02T09:28:55.774550, 5, 320, 1.12 1.48 1.41 2/1940 80369
2025-07-02T09:28:55.779696, 5, 320, 1.12 1.48 1.41 3/1941 80371
2025-07-02T09:28:55.791273, 5, 320, 1.12 1.48 1.41 2/1941 80376
2025-07-02T09:28:55.803516, 5, 320, 1.12 1.48 1.41 6/1941 80380
2025-07-02T09:29:11.557948, 5, 319, 1.50 1.55 1.44 3/1951 80402
2025-07-02T09:29:11.563428, 5, 319, 1.50 1.55 1.44 4/1952 80404
2025-07-02T09:29:11.575796, 5, 319, 1.50 1.55 1.44 2/1952 80409
2025-07-02T09:29:11.588362, 5, 319, 1.50 1.55 1.44 4/1952 80413
2025-07-02T09:31:38.261474, 5, 320, 2.54 1.96 1.61 1/1578 81368
2025-07-02T09:31:38.267003, 5, 320, 2.54 1.96 1.61 2/1579 81370
2025-07-02T09:31:38.278723, 5, 320, 2.54 1.96 1.61 2/1579 81375
2025-07-02T09:31:38.290897, 5, 320, 2.54 1.96 1.61 6/1579 81379
2025-07-02T09:33:10.522472, 5, 320, 1.08 1.65 1.53 6/1599 81508
2025-07-02T09:33:10.526210, 5, 320, 1.08 1.65 1.53 1/1600 81510
2025-07-02T09:33:10.538131, 5, 320, 1.08 1.65 1.53 5/1600 81515
2025-07-02T09:33:10.549057, 5, 320, 1.08 1.65 1.53 6/1600 81519
2025-07-02T09:35:29.844111, 5, 319, 1.73 1.66 1.55 2/1352 81934
2025-07-02T09:35:29.848525, 5, 319, 1.73 1.66 1.55 3/1352 81935
2025-07-02T09:35:29.860857, 5, 319, 1.73 1.66 1.55 6/1352 81940
2025-07-02T09:35:29.872418, 5, 319, 1.73 1.66 1.55 2/1352 81944
2025-07-02T09:36:09.814126, 5, 320, 2.05 1.77 1.59 5/1359 82008
2025-07-02T09:36:09.818510, 5, 320, 2.05 1.77 1.59 3/1359 82009
2025-07-02T09:36:09.830148, 5, 320, 2.05 1.77 1.59 2/1359 82014
2025-07-02T09:36:09.840269, 5, 320, 2.05 1.77 1.59 6/1359 82018
2025-07-02T09:43:48.909080, 5, 319, 2.20 1.82 1.64 1/1594 82946
2025-07-02T09:43:48.913090, 5, 319, 2.20 1.82 1.64 2/1594 82947
2025-07-02T09:43:48.924677, 5, 319, 2.20 1.82 1.64 4/1594 82952
2025-07-02T09:43:48.935441, 5, 319, 2.20 1.82 1.64 3/1594 82956
2025-07-02T09:43:49.019658, 5, 319, 2.20 1.82 1.64 3/1594 82961
2025-07-02T09:43:49.138193, 5, 319, 2.20 1.82 1.64 2/1594 82966
2025-07-02T09:43:49.377500, 5, 319, 2.20 1.82 1.64 4/1594 82971
2025-07-02T09:43:49.839322, 5, 319, 2.20 1.82 1.64 1/1593 82976
2025-07-02T09:43:50.328025, 5, 319, 2.34 1.86 1.66 2/1593 82985
2025-07-02T09:43:50.812481, 5, 319, 2.34 1.86 1.66 5/1594 82992
2025-07-02T09:43:51.278706, 5, 319, 2.34 1.86 1.66 1/1594 82999
